([0, 0, 0, 0, 0, 0, 0, 0, 0, 0, 0, 0, 0, 0, 0, 0, 0, 0, 0, 0, 0, 0, 0, 0, 0, 0, 0, 0, 0, 0], array([0.77627802, 0.0607066 , 0.00903945, 0.03124492, 0.37773489,
       0.40645834, 0.00429028, 0.01837787, 0.190691  , 0.18282822,
       0.00344523, 0.00274949, 0.1565009 , 0.4617998 , 0.29422123,
       0.54245693, 0.2111875 , 0.20532701, 0.3061959 , 0.01916165,
       0.00477963, 0.49455189, 0.16918555, 0.46284157, 0.22101406,
       0.1469159 , 0.5763183 , 0.02396155, 0.48784515, 0.13059035]), array(1.6995978), 0.3044611819235226)
([1, 1, 1, 1, 1, 1, 1, 1, 1, 1, 1, 1, 1, 1, 1, 1, 1, 1, 1, 1, 1, 1, 1, 1, 1, 1, 1, 1, 1, 1], array([7.99655198e-01, 1.38118616e-01, 9.03945285e-03, 6.90275282e-02,
       4.42031965e-01, 3.44273921e-01, 4.29028310e-03, 1.89899266e-02,
       1.94030435e-01, 1.95819834e-01, 6.75834660e-03, 2.74949473e-03,
       1.61860952e-01, 5.17659984e-01, 3.75122106e-01, 5.42545011e-01,
       3.12434568e-01, 2.82260447e-01, 2.82564436e-01, 1.91616513e-02,
       5.30891170e-04, 4.65960634e-01, 8.08367665e-02, 5.35868456e-01,
       2.50420347e-01, 1.03719510e-01, 5.46359941e-01, 2.39615480e-02,
       3.51118333e-01, 1.39253819e-01]), array(1.72934546), 0.28823870220162223)
([0, 1, 1, 1, 0, 0, 1, 0, 1, 0, 1, 0, 0, 1, 0, 0, 0, 0, 0, 0, 0, 0, 1, 0, 0, 1, 0, 1, 0, 0], array([8.14238540e-01, 3.20985676e-01, 7.37634737e-03, 1.13362641e-01,
       5.34344610e-01, 2.65269275e-01, 4.29028310e-03, 1.83778681e-02,
       2.05552376e-01, 1.83858884e-01, 3.24870988e-03, 3.43517098e-03,
       1.47305069e-01, 5.84854771e-01, 5.36960391e-01, 5.63228229e-01,
       5.01570739e-01, 4.50955800e-01, 2.23864292e-01, 1.91616513e-02,
       1.89289438e-02, 4.84548848e-01, 2.95897975e-07, 6.22293003e-01,
       3.01266671e-01, 6.72536380e-02, 4.99168143e-01, 2.39615480e-02,
       2.81117329e-01, 9.04439189e-02]), array(1.71300243), 0.2947566628041715)
([1, 1, 0, 1, 0, 0, 0, 0, 1, 0, 1, 0, 1, 1, 0, 0, 0, 0, 0, 1, 1, 1, 0, 1, 0, 0, 0, 0, 1, 1], array([8.14238540e-01, 3.20985676e-01, 7.37634737e-03, 1.13362641e-01,
       5.34344610e-01, 2.65269275e-01, 4.29028310e-03, 1.83778681e-02,
       2.05552376e-01, 1.83858884e-01, 3.24870988e-03, 3.43517098e-03,
       1.47305069e-01, 5.84854771e-01, 5.36960391e-01, 5.63228229e-01,
       5.01570739e-01, 4.50955800e-01, 2.23864292e-01, 1.91616513e-02,
       1.89289438e-02, 4.84548848e-01, 2.95897975e-07, 6.22293003e-01,
       3.01266671e-01, 6.72536380e-02, 4.99168143e-01, 2.39615480e-02,
       2.81117329e-01, 9.04439189e-02]), array(1.71300243), 0.2947566628041715)
([0, 1, 1, 1, 0, 0, 0, 0, 0, 0, 0, 0, 1, 1, 1, 0, 0, 0, 1, 1, 1, 1, 0, 1, 0, 0, 0, 1, 0, 1], array([8.14238540e-01, 3.20985676e-01, 7.37634737e-03, 1.13362641e-01,
       5.34344610e-01, 2.65269275e-01, 4.29028310e-03, 1.83778681e-02,
       2.05552376e-01, 1.83858884e-01, 3.24870988e-03, 3.43517098e-03,
       1.47305069e-01, 5.84854771e-01, 5.36960391e-01, 5.63228229e-01,
       5.01570739e-01, 4.50955800e-01, 2.23864292e-01, 1.91616513e-02,
       1.89289438e-02, 4.84548848e-01, 2.95897975e-07, 6.22293003e-01,
       3.01266671e-01, 6.72536380e-02, 4.99168143e-01, 2.39615480e-02,
       2.81117329e-01, 9.04439189e-02]), array(1.71300243), 0.2947566628041715)
([0, 1, 1, 0, 0, 0, 1, 0, 0, 0, 0, 0, 1, 1, 0, 0, 0, 0, 0, 1, 1, 1, 0, 1, 0, 1, 1, 0, 1, 1], array([8.14238540e-01, 3.20985676e-01, 7.37634737e-03, 1.13362641e-01,
       5.34344610e-01, 2.65269275e-01, 4.29028310e-03, 1.83778681e-02,
       2.05552376e-01, 1.83858884e-01, 3.24870988e-03, 3.43517098e-03,
       1.47305069e-01, 5.84854771e-01, 5.36960391e-01, 5.63228229e-01,
       5.01570739e-01, 4.50955800e-01, 2.23864292e-01, 1.91616513e-02,
       1.89289438e-02, 4.84548848e-01, 2.95897975e-07, 6.22293003e-01,
       3.01266671e-01, 6.72536380e-02, 4.99168143e-01, 2.39615480e-02,
       2.81117329e-01, 9.04439189e-02]), array(1.71300243), 0.2947566628041715)
([0, 1, 1, 1, 1, 0, 0, 0, 0, 0, 0, 0, 1, 1, 1, 0, 0, 0, 1, 1, 1, 1, 0, 1, 0, 0, 0, 1, 0, 1], array([8.14238540e-01, 3.20985676e-01, 7.37634737e-03, 1.13362641e-01,
       5.34344610e-01, 2.65269275e-01, 4.29028310e-03, 1.83778681e-02,
       2.05552376e-01, 1.83858884e-01, 3.24870988e-03, 3.43517098e-03,
       1.47305069e-01, 5.84854771e-01, 5.36960391e-01, 5.63228229e-01,
       5.01570739e-01, 4.50955800e-01, 2.23864292e-01, 1.91616513e-02,
       1.89289438e-02, 4.84548848e-01, 2.95897975e-07, 6.22293003e-01,
       3.01266671e-01, 6.72536381e-02, 4.99168143e-01, 2.39615480e-02,
       2.81117329e-01, 9.04439189e-02]), array(1.71300243), 0.2947566628041715)
([1, 1, 1, 1, 0, 0, 0, 0, 1, 0, 0, 0, 1, 1, 0, 1, 0, 0, 0, 0, 0, 1, 0, 0, 0, 1, 0, 1, 0, 1], array([8.14238540e-01, 3.20985676e-01, 7.37634737e-03, 1.13362641e-01,
       5.34344610e-01, 2.65269275e-01, 4.29028310e-03, 1.83778681e-02,
       2.05552376e-01, 1.83858884e-01, 3.24870988e-03, 3.43517098e-03,
       1.47305069e-01, 5.84854771e-01, 5.36960391e-01, 5.63228229e-01,
       5.01570739e-01, 4.50955800e-01, 2.23864292e-01, 1.91616513e-02,
       1.89289438e-02, 4.84548848e-01, 2.95897975e-07, 6.22293003e-01,
       3.01266671e-01, 6.72536381e-02, 4.99168143e-01, 2.39615480e-02,
       2.81117329e-01, 9.04439189e-02]), array(1.71300243), 0.2947566628041715)
([0, 1, 1, 1, 0, 0, 0, 0, 1, 0, 0, 0, 1, 1, 0, 1, 0, 0, 1, 0, 0, 1, 0, 0, 0, 1, 0, 1, 0, 1], array([8.14238540e-01, 3.20985676e-01, 7.37634737e-03, 1.13362641e-01,
       5.34344610e-01, 2.65269275e-01, 4.29028310e-03, 1.83778681e-02,
       2.05552376e-01, 1.83858884e-01, 3.24870988e-03, 3.43517098e-03,
       1.47305069e-01, 5.84854771e-01, 5.36960391e-01, 5.63228229e-01,
       5.01570739e-01, 4.50955800e-01, 2.23864292e-01, 1.91616513e-02,
       1.89289438e-02, 4.84548848e-01, 2.95897975e-07, 6.22293003e-01,
       3.01266671e-01, 6.72536381e-02, 4.99168143e-01, 2.39615480e-02,
       2.81117329e-01, 9.04439189e-02]), array(1.71300243), 0.2947566628041715)
([0, 1, 1, 1, 0, 0, 0, 0, 1, 0, 0, 0, 1, 1, 0, 0, 0, 0, 1, 0, 0, 1, 0, 0, 0, 1, 0, 1, 0, 1], array([8.14238540e-01, 3.20985676e-01, 7.37634737e-03, 1.13362641e-01,
       5.34344610e-01, 2.65269275e-01, 4.29028310e-03, 1.83778681e-02,
       2.05552376e-01, 1.83858884e-01, 3.24870988e-03, 3.43517098e-03,
       1.47305069e-01, 5.84854771e-01, 5.36960391e-01, 5.63228229e-01,
       5.01570739e-01, 4.50955800e-01, 2.23864292e-01, 1.91616513e-02,
       1.89289438e-02, 4.84548848e-01, 2.95897975e-07, 6.22293003e-01,
       3.01266671e-01, 6.72536381e-02, 4.99168143e-01, 2.39615480e-02,
       2.81117329e-01, 9.04439189e-02]), array(1.71300243), 0.2947566628041715)
([0, 1, 0, 1, 0, 0, 0, 0, 1, 0, 0, 0, 1, 1, 0, 0, 0, 0, 0, 1, 1, 1, 0, 1, 0, 0, 0, 0, 1, 1], array([8.14238540e-01, 3.20985676e-01, 7.37634737e-03, 1.13362641e-01,
       5.34344610e-01, 2.65269275e-01, 4.29028310e-03, 1.83778681e-02,
       2.05552376e-01, 1.83858884e-01, 3.24870988e-03, 3.43517098e-03,
       1.47305069e-01, 5.84854771e-01, 5.36960391e-01, 5.63228229e-01,
       5.01570739e-01, 4.50955800e-01, 2.23864292e-01, 1.91616513e-02,
       1.89289438e-02, 4.84548848e-01, 2.95897975e-07, 6.22293003e-01,
       3.01266671e-01, 6.72536381e-02, 4.99168143e-01, 2.39615480e-02,
       2.81117329e-01, 9.04439189e-02]), array(1.71300243), 0.2947566628041715)
([0, 1, 1, 1, 1, 0, 0, 0, 0, 0, 0, 0, 1, 1, 0, 0, 0, 0, 0, 1, 1, 1, 0, 1, 0, 0, 0, 1, 0, 1], array([8.14238540e-01, 3.20985676e-01, 7.37634737e-03, 1.13362641e-01,
       5.34344610e-01, 2.65269275e-01, 4.29028310e-03, 1.83778681e-02,
       2.05552376e-01, 1.83858884e-01, 3.24870988e-03, 3.43517098e-03,
       1.47305069e-01, 5.84854771e-01, 5.36960391e-01, 5.63228229e-01,
       5.01570739e-01, 4.50955800e-01, 2.23864292e-01, 1.91616513e-02,
       1.89289438e-02, 4.84548848e-01, 2.95897975e-07, 6.22293003e-01,
       3.01266671e-01, 6.72536381e-02, 4.99168143e-01, 2.39615480e-02,
       2.81117329e-01, 9.04439189e-02]), array(1.71300243), 0.2947566628041715)
